Clear:
1643.5
1661.83
1641.89
1650.45
1645.63
1642.38
1639.85
1688.59
1639.85
1643.12
1640.44
1645.89
1645.03
1648.16
1642.86


5000:
1617.71
1620.18
1621.95
1624.45
1625.52
1617.87
1620.78
1620.12
1621.92
1620.85
1626.88
1623.1
1621.59


10000:
1607.72
1604.47
1604.63
1609.43
1600.91
1604.03
1612.77
1603.64
1607.8
1604.16
1610.78
1602.56
1607.48
1604.7
1608.36
1603.73
1607.04
1593.43


15000:
1589.6
1598.74
1595.49
1592.85
1595.58
1595.42
1592.47
1600.1
1592.4
1595.72
1597.05
1595.91
1590.42
1591.3
1596.09
1597.52



20000:
1592.35
1583.74
1589.42
1589.52
1590.89
1593.68
1589.0
1590.9
1586.43
1586.02
1585.54
1590.01
1593.26
1589.08
1584.24
1587.59
1590.4
1590.1
1591.75
1590.81
1588.14
1590.74
1591.86
1594.16
1590.57
1587.19
1590.59


25000:
1550.89
1551.9
1554.5
1552.04
1553.29
1554.97
1553.34
1555.12



